6
4 7
20 15 10 17
5 20
4 42 40 26 46
2 1
2 2
3 6
1 2 3
5 5
1 1 1 1 1
50 2000000000
123645687 718613219 882279696 727553593 64522456 358750471 346246716 129205648 997536909 515997747 62870161 582298474 930000316 647480048 597704111 957107404 382436612 838076383 445032056 373747206 780008424 80837217 564255977 299280004 900171238 886005228 842346920 730834225 85600993 246514888 989327098 146130505 63059251 478390453 310502851 669474177 144453075 771507026 931973314 329024410 649167016 511733274 41481711 133698733 739465061 409663874 751169443 516403718 226012958 209515204
